[[ 3.4000e-02 -1.8000e-02 -2.3000e-02  2.1029e+01  4.1321e+01  3.0400e-01]]
[[ 0.083 -0.052 -0.046 21.029 41.321  0.341]]
[[ 0.132 -0.086 -0.069 21.029 41.321  0.369]]
[[ 0.181 -0.12  -0.092 21.029 41.321  0.399]]
[[ 0.23  -0.153 -0.115 21.029 41.321  0.427]]
[[ 0.248 -0.187 -0.138 21.029 41.321  0.452]]
[[ 0.267 -0.221 -0.161 21.029 41.321  0.478]]
[[ 0.285 -0.254 -0.184 21.029 41.321  0.503]]
[[ 0.303 -0.288 -0.207 21.029 41.321  0.528]]
[[ 0.353 -0.322 -0.245 21.029 41.321  0.554]]
[[ 0.368 -0.337 -0.261 21.029 41.321  0.579]]
[[ 0.368 -0.337 -0.276 21.029 41.321  0.605]]
[[ 0.368 -0.337 -0.291 21.029 41.321  0.63 ]]
[[ 0.353 -0.337 -0.291 21.029 41.321  0.656]]
[[ 0.337 -0.337 -0.291 21.029 41.321  0.681]]
[[ 0.353 -0.337 -0.291 21.029 41.321  0.707]]
[[ 0.368 -0.322 -0.383 21.029 41.321  0.732]]
[[ 0.398 -0.307 -0.475 21.029 41.321  0.758]]
[[ 0.429 -0.291 -0.567 21.029 41.321  0.784]]
[[ 0.429 -0.276 -0.644 21.029 41.321  0.809]]
[[ 0.398 -0.291 -0.628 21.029 41.321  0.835]]
[[ 0.368 -0.307 -0.613 21.029 41.321  0.86 ]]
[[ 0.337 -0.322 -0.598 21.029 41.321  0.885]]
[[ 0.322 -0.337 -0.598 21.029 41.321  0.911]]
[[ 0.307 -0.337 -0.598 21.029 41.321  0.937]]
[[ 0.291 -0.337 -0.598 21.029 41.321  0.962]]
[[ 0.276 -0.353 -0.506 21.029 41.321  0.988]]
[[ 0.245 -0.368 -0.414 21.029 41.321  1.013]]
[[ 0.169 -0.368 -0.322 21.029 41.321  1.038]]
[[ 0.092 -0.368 -0.23  21.029 41.321  1.064]]
[[ 0.046 -0.337 -0.23  21.029 41.321  1.088]]
[[-0.    -0.307 -0.23  21.029 41.321  1.112]]
[[-0.215 -0.291 -0.215 21.029 41.321  1.136]]
[[-0.429 -0.276 -0.199 21.029 41.321  1.158]]
[[-0.644 -0.276 -0.184 21.029 41.321  1.181]]
[[-0.858 -0.276 -0.169 21.029 41.321  1.206]]
[[-1.257 -0.307 -0.138 21.029 41.321  1.231]]
[[-1.655 -0.337 -0.107 21.029 41.321  1.257]]
[[-2.008 -0.383 -0.077 21.029 41.321  1.284]]
[[-2.36  -0.429 -0.046 21.029 41.321  1.311]]
[[-2.789 -0.49   0.061 21.029 41.321  1.338]]
[[-3.219 -0.552  0.169 21.029 41.321  1.364]]
[[-3.479 -0.598  0.261 21.029 41.321  1.391]]
[[-3.74  -0.644  0.353 21.029 41.321  1.418]]
[[-3.74  -0.69   0.429 21.029 41.321  1.444]]
[[-3.74  -0.736  0.506 21.029 41.321  1.471]]
[[-3.556 -0.751  0.567 21.029 41.321  1.497]]
[[-3.372 -0.705  0.429 21.029 41.321  1.524]]
[[-3.019 -0.659  0.291 21.029 41.321  1.551]]
[[-2.667 -0.613  0.153 21.029 41.321  1.577]]
[[-2.238 -0.552 -0.061 21.029 41.321  1.604]]
[[-1.579 -0.46  -0.276 21.029 41.321  1.63 ]]
[[-0.92  -0.368 -0.49  21.029 41.321  1.657]]
[[-0.261 -0.276 -0.705 21.029 41.321  1.684]]
[[ 0.138 -0.184 -0.904 21.029 41.321  1.71 ]]
[[ 0.598 -0.077 -1.134 21.029 41.321  1.738]]
[[ 1.0580e+00  3.1000e-02 -1.3640e+00  2.1029e+01  4.1321e+01  1.7640e+00]]
[[ 1.517  0.077 -1.395 21.029 41.321  1.791]]
[[ 1.809  0.123 -1.425 21.029 41.321  1.818]]
[[ 2.176  0.107 -1.333 21.029 41.321  1.844]]
[[ 2.544  0.092 -1.241 21.029 41.321  1.871]]
[[ 2.682  0.046 -1.15  21.029 41.321  1.898]]
[[ 2.881 -0.092 -0.766 21.029 41.321  1.924]]
[[ 3.081 -0.23  -0.383 21.029 41.321  1.952]]
[[ 3.28  -0.368  0.    21.029 41.321  1.979]]
[[ 3.418 -0.521  0.414 21.029 41.321  2.005]]
[[ 3.265 -0.705  0.95  21.029 41.321  2.032]]
[[ 3.111 -0.889  1.487 21.029 41.321  2.059]]
[[ 2.958 -1.073  2.023 21.029 41.321  2.085]]
[[ 2.728 -1.195  2.437 21.029 41.321  2.112]]
[[ 2.284 -1.257  2.805 21.029 41.321  2.139]]
[[ 1.839 -1.318  3.173 21.029 41.321  2.166]]
[[ 1.333 -1.287  3.249 21.029 41.321  2.192]]
[[ 0.843 -1.241  3.127 21.029 41.321  2.219]]
[[ 0.353 -1.195  3.004 21.029 41.321  2.246]]
[[-0.138 -1.15   2.881 21.029 41.321  2.272]]
[[-0.337 -1.073  2.636 21.029 41.321  2.299]]
[[-0.705 -0.935  2.13  21.029 41.321  2.324]]
[[-1.073 -0.797  1.625 21.029 41.321  2.349]]
